LandisData "Initial Communities"
MapCode	0
MapCode 1
BP 10 20 30 40 50 60 70 80 90
SB 10 20 30 40 50 60 70 80 90
MapCode 2
BP 80 90 100 110 120 130 140 150 160
EB 80 90 100 110 120 130 140 150 160 170 180 190 200
SB 80 90 100 110 120 130 140 150 160
MapCode 3
EN 10 20 30 40 50 60 80 90
SB 10 20 30 40 50 60 80 90
MapCode 4
BP 20 30 40 50
SB 20 30 40 50
MapCode 5
SB 20 30 40 50
MapCode 6
BP 80 90 100 110
MapCode 7
BP 10 20 30 40 50 60 70 80 90
MapCode 8
EB 40 50 60 70
SB 40 50 60 70
MapCode 9
PT 60 70 80 90
SB 60 70 80 90
MapCode 10
SB 80 90 100 110 120 130 140 150 160
MapCode 11
BP 60 70 80 90
MapCode 12
BP 80 90 100 110
PT 80 90 100 110
MapCode 13
BP 40 50 60 70
MapCode 14
SB 10 20 30 40 50 60 70 80 90
MapCode 15
BJ 80 90 100 110 120 130 140 150 160 170 180 190 200 210
BP 80 90 100 110 120 130 140 150 160
EB 80 90 100 110 120 130 140 150 160 170 180 190 200
MapCode 16
BP 10 20 30 40 50 60 70 80 90
EN 10 20 30 40 50 60 70 80 90
SB 10 20 30 40 50 60 70 80 90
MapCode 17
BP 10 20 30 40 50 60 70 80 90
EB 10 20 30 40 50 60 70 80 90
EN 10 20 30 40 50 60 70 80 90
MapCode 18
BP 10 20 30 40 50 60 70 80 90
EN 10 20 30 40 50 60 70 80 90
MapCode 19
BP 30 70
MapCode 20
EN 60 70 80 90
MapCode 21
BP 60 70 80 90
PT 60 70 80 90
MapCode 22
BP 40 50 60 70
EN 40 50 60 70
MapCode 23
BP 20 30 40 50
MapCode 24
EN 40 50 60 70
MapCode 25
BP 80 90 100 110 120 130 140 150 160
MapCode 26
BP 60 70 80 90
SB 60 70 80 90
MapCode 27
EN 120	100	80
MapCode 28
BP 20 30 40 50
PT 20 30 40 50
MapCode 29
EB 10
MapCode 30
BP 40 50 60 70
PT 40 50 60 70
MapCode 31
EB 60 70 80 90
MapCode 32
EN 80 90 100 110
MapCode 33
SB 60 70 80 90
MapCode 34
BP 40 50 60 70
SB 40 50 60 70
MapCode 35
BP 10 20 30 40 50 60 70 80 90
PT 10 20 30 40 50 60 70 80 90
MapCode 36
BP 40 50 60 70
EB 40 50 60 70
MapCode 37
BP 10 20 30 40 50 60 70 80 90
EB 10 20 30 40 50 60 70 80 90
MapCode 38
BJ 80 90 100 110 120 130 140 150 160 170 180 190 200 210
BP 80 90 100 110 120 130 140 150 160
SB 80 90 100 110 120 130 140 150 160
MapCode 39
SB 80 90 100 110
MapCode 40
PT 80 90 100 110
MapCode 41
EN 20 30 40 50
SB 20 30 40 50
MapCode 42
BP 20 30 40 50
PT 20 30 40 50
SB 20 30 40 50
MapCode 43
BP 30 50
MapCode 44
EN 40 50 60 70
SB 40 50 60 70
MapCode 45
EN 10 20 30 40 50 60 70 80 90
MapCode 46
SB 10
MapCode 47
SB 40 50 60 70
MapCode 48
PT 60 70 80 90
MapCode 49
BP 60 70 80 90
EB 60 70 80 90
MapCode 50
EN 40 50 60 70
PT 40 50 60 70
MapCode 51
BP 80 90 100 110
PT 80 90 100 110
SB 80 90 100 110
MapCode 52
EN 10
MapCode 53
BP 80 90 100 110 120 130 140 150 160
SB 80 90 100 110 120 130 140 150 160
MapCode 54
BJ 10 20 30 40 50 60 70 80 90
BP 10 20 30 40 50 60 70 80 90
MapCode 55
BP 40 50 60 70
PT 40 50 60 70
SB 40 50 60 70
MapCode 56
BP 80 90 100 110
EN 80 90 100 110
SB 80 90 100 110
MapCode 57
BP 30 70
SB 30 70
MapCode 58
EN 80 90 100 110 120 130 140 150 160 170 180 190 200 210
MapCode 59
BP 20 30 40 50
EB 20 30 40 50
SB 20 30 40 50
MapCode 60
BP 60 70 80 90
EN 60 70 80 90
MapCode 61
BP 20 30 40 50
EN 20 30 40 50
MapCode 62
EN 30 70
MapCode 63
BP 80 90 100 110 120 130 140 150 160
PT 80 90 100 110 120 130 140
MapCode 64
EN 60 70 80 90
SB 60 70 80 90
MapCode 65
BP 10 20 30 40 50 60 70 80 90
EB 10 20 30 40 50 60 70 80 90
SB 10 20 30 40 50 60 70 80 90
MapCode 66
BP 10
MapCode 67
BJ 10 20 30 40 50 60 70 80 90
BP 10 20 30 40 50 60 70 80 90
SB 10 20 30 40 50 60 70 80 90
MapCode 68
PG 20 30 40 50
MapCode 69
BP 40 50 60 70
EB 40 50 60 70
SB 40 50 60 70
MapCode 70
EN 60 70 80 90
PG 60 70 80 90
MapCode 71
BP 50 90
PT 50 90
MapCode 72
BP 80 90 100 110 120 130 140 150 160
PT 80 90 100 110 120 130 140
SB 80 90 100 110 120 130 140 150 160
MapCode 73
PT 70 90
MapCode 74
PG 60 70 80 90
MapCode 75
BP 80 90 100 110
SB 80 90 100 110
MapCode 76
SB 30 90
MapCode 77
BP 20 30 40 50
EN 20 30 40 50
SB 20 30 40 50
MapCode 78
PT 20 30 40 50
SB 20 30 40 50
MapCode 79
BP 80 90 100 110 120 130 140 150 160
EN 80 90 100 110 120 130 140 150 160 170 180 190 200 210
PT 80 90 100 110 120 130 140
MapCode 80
EB 60 70 80 90
SB 60 70 80 90
MapCode 81
PT 80 90 100 110 120 130 140
MapCode 82
EN 30 90
MapCode 83
EB 10 20 30 40 50 60 70 80 90
EN 10 20 30 40 50 60 70 80 90
MapCode 84
BP 50 90
PT 50 90
SB 50 90
MapCode 85
EN 20 30 40 50
MapCode 86
BP 80 90 100 110 120 130 140 150 160
EB 80 90 100 110 120 130 140 150 160 170 180 190 200
MapCode 87
BJ 10 20 30 40 50 60 70 80 90
SB 10 20 30 40 50 60 70 80 90
MapCode 88
BP 60 70 80 90
EN 60 70 80 90
PT 60 70 80 90
MapCode 89
BJ 40 50 60 70
BP 40 50 60 70
SB 40 50 60 70
MapCode 90
EN 30 90
SB 30 90
MapCode 91
PT 10 20 30 40 50 60 70 80 90
SB 10 20 30 40 50 60 70 80 90
MapCode 92
EB 10 20 30 40 50 60 70 80 90
MapCode 93
BP 30 70
PT 30 70
MapCode 94
EN 40 50 60 70
PG 40 50 60 70
MapCode 95
BP 40 50 60 70
EN 40 50 60 70
SB 40 50 60 70
MapCode 96
EB 20 30 40 50
SB 20 30 40 50
MapCode 97
BJ 80 90 100 110 120 130 140 150 160 170 180 190 200 210
BP 80 90 100 110 120 130 140 150 160
MapCode 98
BP 10 20 30 40 50 60 70 80 90
PT 10 20 30 40 50 60 70 80 90
SB 10 20 30 40 50 60 70 80 90
MapCode 99
BP 10
PT 10
MapCode 100
BJ 80 90 100 110 120 130 140 150 160 170 180 190 200 210
SB 80 90 100 110 120 130 140 150 160
MapCode 101
BP 30 90
SB 30 90
MapCode 102
BP 10
SB 10
MapCode 103
EN 80 90 100 110
PT 80 90 100 110
MapCode 104
PG 40 50 60 70
MapCode 105
PT 40 50 60 70
SB 40 50 60 70
MapCode 106
BP 70 90
PT 70 90
MapCode 107
BP 80 90 100 110
EN 80 90 100 110
MapCode 108
PT 40 50 60 70
MapCode 109
BJ 10 20 30 40 50 60 70 80 90
BP 10 20 30 40 50 60 70 80 90
EB 10 20 30 40 50 60 70 80 90
MapCode 110
BP 60 70 80 90
PT 60 70 80 90
SB 60 70 80 90
MapCode 111
BJ 60 70 80 90
BP 60 70 80 90
SB 60 70 80 90
MapCode 112
PG 30 120 130
MapCode 113
BP 60 70 80 90
EB 60 70 80 90
SB 60 70 80 90
MapCode 114
EN 60 70 80 90
PT 60 70 80 90
MapCode 115
BP 10
PT 10
SB 10
MapCode 116
EB 80 90 100 110 120 130 140 150 160 170 180 190 200
SB 80 90 100 110 120 130 140 150 160
MapCode 117
EN 80 90 100 110
SB 80 90 100 110
MapCode 118
EN 80 90 100 110
PT 80 90 100 110
SB 80 90 100 110
MapCode 119
BP 30 90
PT 30 90
SB 30 90
MapCode 120
PG 20 30 40 50
MapCode 121
BP 80 90 100 110
EN 80 90 100 110
PT 80 90 100 110
MapCode 122
BP 40 50 60 70
EB 40 50 60 70
EN 40 50 60 70
MapCode 123
EN 80 90 100 110 120 130 140 150 160 170 180 190 200 210
SB 80 90 100 110 120 130 140 150 160
MapCode 124
BJ 80 90 100 110 120 130 140 150 160 170 180 190 200 210
MapCode 125
BJ 40 50 60 70
BP 40 50 60 70
MapCode 126
BP 60 70 80 90
EN 60 70 80 90
SB 60 70 80 90
MapCode 127
BJ 20 30 40 50
BP 20 30 40 50
SB 20 30 40 50
MapCode 128
EB 10 20 30 40 50 60 70 80 90
SB 10 20 30 40 50 60 70 80 90
MapCode 129
BP 40 50 60 70
EN 40 50 60 70
PT 40 50 60 70
MapCode 130
BP 30 120 130
EB 30 120 130
SB 30 120 130
MapCode 131
EN 60 70 80 90
PT 60 70 80 90
SB 60 70 80 90
MapCode 132
BJ 80 90 100 110
BP 80 90 100 110
SB 80 90 100 110
MapCode 133
BP 30 120 130
PT 30 120 130
MapCode 134
EB 40 50 60 70
EN 40 50 60 70
MapCode 135
BP 80 90 100 110 120 130 140 150 160
EB 80 90 100 110 120 130 140 150 160 170 180 190 200
PT 80 90 100 110 120 130 140
MapCode 136
PT 10 20 30 40 50 60 70 80 90
MapCode 137
EN 80 90 100 110
PG 80 90 100 110
MapCode 138
BJ 80 90 100 110 120 130 140 150 160 170 180 190 200 210
PT 80 90 100 110 120 130 140
MapCode 139
EB 40 50 60 70
MapCode 140
BP 30 90
PT 30 90
MapCode 141
BP 10 20 30 40 50 60 70 80 90
EN 10 20 30 40 50 60 70 80 90
PT 10 20 30 40 50 60 70 80 90
MapCode 142
EB 60 70 80 90
EN 60 70 80 90
MapCode 143
EN 30 120 130
MapCode 144
BP 30 90
MapCode 145
BP 80 90 100 110 120 130 140 150 160
EN 80 90 100 110 120 130 140 150 160 170 180 190 200 210
MapCode 146
BJ 10 20 30 40 50 60 70 80 90
MapCode 147
PT 80 90 100 110
SB 80 90 100 110
MapCode 148
EN 70 90
PT 70 90
MapCode 149
BP 30 120 130
MapCode 150
PG 80 90 100 110
MapCode 151
PT 30 90
SB 30 90
MapCode 152
BJ 80 90 100 110
BP 80 90 100 110
MapCode 153
BP 30 120 130
SB 30 120 130
MapCode 154
BP 10 20 30 40 50 60 70 80 90
EB 10 20 30 40 50 60 70 80 90
PT 10 20 30 40 50 60 70 80 90
MapCode 155
EN 30 70
SB 30 70
MapCode 156
BP 30 120 130
PT 30 120 130
SB 30 120 130
MapCode 157
BP 60 70 80 90
EB 60 70 80 90
PT 60 70 80 90
MapCode 158
BP 20 30 40 50
EB 20 30 40 50
MapCode 159
BP 10 70
MapCode 160
PT 80 90 100 110 120 130 140
SB 80 90 100 110 120 130 140 150 160
MapCode 161
BJ 80 90 100 110 120 130 140 150 160 170 180 190 200 210
EB 80 90 100 110 120 130 140 150 160 170 180 190 200
SB 80 90 100 110 120 130 140 150 160
MapCode 162
BJ 20 30 40 50
BP 20 30 40 50
MapCode 163
EN 10 20 30 40 50 60 70 80 90
PG 10 20 30 40 50 60 70 80 90
MapCode 164
BP 40 50 60 70
EB 40 50 60 70
PT 40 50 60 70
MapCode 165
BJ 60 70 80 90
SB 60 70 80 90
MapCode 166
EN 30 90
PT 30 90
SB 30 90
MapCode 167
PG 10
MapCode 168
EB 20 30 40 50
EN 20 30 40 50
MapCode 169
PT 50 90
SB 50 90
MapCode 170
BP 30 70
PT 30 70
SB 30 70
MapCode 171
EN 10 20 30 40 50 60 70 80 90
PT 10 20 30 40 50 60 70 80 90
SB 10 20 30 40 50 60 70 80 90
MapCode 172
BJ 40 50 60 70
SB 40 50 60 70
MapCode 173
BP 30 120 130
EN 30 120 130
MapCode 174
BJ 40 50 60 70
MapCode 175
BP 30 120 130
PG 30 120 130
MapCode 176
PG 60 70 80 90
MapCode 177
BP 30 120 130
EB 30 120 130
MapCode 178
BP 30 90
EN 30 90
SB 30 90
MapCode 179
BP 30 90
EB 30 90
MapCode 180
EN 80 90 100 110 120 130 140 150 160 170 180 190 200 210
PT 80 90 100 110 120 130 140
SB 80 90 100 110 120 130 140 150 160
MapCode 181
PG 80 90 100 110 120 
MapCode 182
BJ 60 70 80 90
BP 60 70 80 90
MapCode 183
EN 40 50 60 70
PT 40 50 60 70
SB 40 50 60 70
MapCode 184
PT 10
SB 10
MapCode 185
EB 40 50 60 70
EN 40 50 60 70
PT 40 50 60 70
MapCode 186
PG 10 20 30 40 50 60 70 80 90
MapCode 187
BJ 80 90 100 110
SB 80 90 100 110
MapCode 188
BJ 60 70 80 90
PT 60 70 80 90
SB 60 70 80 90
MapCode 189
PT 10
MapCode 190
BP 120
SB 120
MapCode 191
BP 60 70 80 90
EB 60 70 80 90
EN 60 70 80 90
MapCode 192
BP 80 90 100 110
EB 80 90 100 110
SB 80 90 100 110
MapCode 193
EN 50 90
PT 50 90
MapCode 194
EN 10
SB 10
MapCode 195
PT 70 90
SB 70 90
MapCode 197
BJ 80 90 100 110
MapCode 198
BJ 80 90 100 110 120 130 140 150 160 170 180 190 200 210
EB 80 90 100 110 120 130 140 150 160 170 180 190 200
MapCode 199
EN 80 90 100 110 120 130 140 150 160 170 180 190 200 210
PT 80 90 100 110 120 130 140
MapCode 200
PT 30 70
MapCode 201
SB 30 120 130
MapCode 202
BP 10 20 30 40 50 60 70 80 90
PG 10 20 30 40 50 60 70 80 90
SB 10 20 30 40 50 60 70 80 90
MapCode 203
BJ 10 20 30 40 50 60 70 80 90
PT 10 20 30 40 50 60 70 80 90
SB 10 20 30 40 50 60 70 80 90
MapCode 204
PT 50 90
MapCode 206
BJ 20 30 40 50
SB 20 30 40 50
MapCode 207
EN 30 120 130
SB 30 120 130
MapCode 208
ML 10 20 30 40 50 60 70 80 90
MapCode 209
BJ 60 70 80 90
BP 60 70 80 90
EB 60 70 80 90
MapCode 210
EB 60 70 80 90
PT 60 70 80 90
MapCode 211
PT 20 30 40 50
MapCode 212
BP 30 70
EB 30 70
MapCode 213
EN 30 80 90 100 110 120 130 140 150 160 170 180 190 200 210
MapCode 214
EB 30 70
SB 30 70
MapCode 215
EB 20 30 40 50
PT 20 30 40 50
SB 20 30 40 50
MapCode 216
BP 40 50 60 70
PG 40 50 60 70
MapCode 217
BP 80 90 100 110
PG 80 90 100 110
MapCode 218
BP 40 50 60 70
EN 40 50 60 70
PG 40 50 60 70
MapCode 219
EB 40 50 60 70
PT 40 50 60 70
MapCode 220
EN 20 30 40 50
PG 20 30 40 50
MapCode 221
PG 80 90 100 110 120 130 140
MapCode 222
BJ 10 20 30 40 50 60 70 80 90
EB 10 20 30 40 50 60 70 80 90
SB 10 20 30 40 50 60 70 80 90
MapCode 223
EN 20 30 40 50
PT 20 30 40 50
SB 20 30 40 50
MapCode 224
PT 30 90
MapCode 225
EB 80 90 100 110
EN 80 90 100 110
MapCode 226
EN 80 90 100 110 120 130 140 150 160 170 180 190 200 210
PG 80 90 100 110 120 130 140
MapCode 227
BP 20 30 40 50
PG 20 30 40 50
SB 20 30 40 50
MapCode 228
EB 30 90
MapCode 229
BP 20 30 40 50
EN 20 30 40 50
PG 20 30 40 50
MapCode 230
BP 30 70
EN 30 70
MapCode 231
BP 30 70
EN 30 70
SB 30 70
MapCode 232
BP 60 70 80 90
EN 60 70 80 90
PG 60 70 80 90
MapCode 233
EB 10 20 30 40 50 60 70 80 90
PT 10 20 30 40 50 60 70 80 90
SB 10 20 30 40 50 60 70 80 90
MapCode 234
PT 30 50
SB 30 50
MapCode 235
SB 120
MapCode 236
BP 30 90
EN 30 90
MapCode 237
BP 80 90 100 110
PG 80 90 100 110
SB 80 90 100 110
MapCode 238
PG 40 50 60 70
PT 40 50 60 70
MapCode 239
SB 30 70
MapCode 240
PG 40 50 60 70
MapCode 241
BP 20 30 40 50
EN 20 30 40 50
PT 20 30 40 50
MapCode 242
BJ 60 70 80 90
MapCode 243
BP 30 90
EB 30 90
SB 30 90
MapCode 244
EB 30 70
MapCode 245
EB 80 90 100 110
MapCode 247
BJ 60 70 80 90
EB 60 70 80 90
MapCode 248
BJ 60 70 80 90
EB 60 70 80 90
SB 60 70 80 90
MapCode 249
EN 10
PG 10
MapCode 250
PG 120
MapCode 251
EB 40 50 60 70
PT 40 50 60 70
SB 40 50 60 70
MapCode 252
EB 30 90
SB 30 90
MapCode 253
EB 80 90 100 110 120 130 140 150 160 170 180 190 200
MapCode 254
BP 80 90 100 110 120 130 140 150 160
EB 80 90 100 110 120 130 140 150 160 170 180 190 200
EN 80 90 100 110 120 130 140 150 160 170 180 190 200 210
MapCode 255
PG 80 90 100 110
MapCode 257
BP 30 50
PT 30 50
SB 30 50
MapCode 258
BP 30 50
EB 30 50
MapCode 259
BP 50 120 130
SB 50 120 130
MapCode 260
EN 60 70 80 90
ML 60 70 80 90
MapCode 261
PG 10 20 30 40 50 60 70 80 90
MapCode 262
EB 30 90
EN 30 90
MapCode 263
BP 80 90 100 110
EB 80 90 100 110
MapCode 264
EN 80 90 100 110 120 130 140 150 160 170 180 190 200 210
ML 80 90 100 110 120 130 140 150 160
MapCode 265
EN 20 30 40 50
PT 20 30 40 50
MapCode 266
EN 10
PT 10
MapCode 267
BP 80 90 100 110
EB 80 90 100 110
PT 80 90 100 110
MapCode 268
BP 80 90 100 110 120 130 140 150 160
EN 80 90 100 110 120 130 140 150 160 170 180 190 200 210
SB 80 90 100 110 120 130 140 150 160
MapCode 269
BP 10
EB 10
PT 10
MapCode 270
BP 30 70
EB 30 70
SB 30 70
MapCode 271
BP 120
EB 120
PT 120
MapCode 273
BP 10
EN 10
SB 10
MapCode 274
BJ 50 90
MapCode 275
PG 20 30 40 50
SB 20 30 40 50
MapCode 276
BP 60 70 80 90
PG 60 70 80 90
MapCode 278
BP 10
EN 10
MapCode 279
EN 50 90
MapCode 280
BP 80 90 100 110
EB 80 90 100 110
EN 80 90 100 110
MapCode 281
EN 80 90 100 110
PG 80 90 100 110
MapCode 283
BP 30 50
SB 30 50
MapCode 284
EN 10 20 30 40 50 60 70 80 90
PT 10 20 30 40 50 60 70 80 90
MapCode 285
EB 80 90 100 110
SB 80 90 100 110
MapCode 286
BJ 30 90
BP 30 90
MapCode 287
EB 20 30 40 50
MapCode 288
BP 30 70
EB 30 70
EN 30 70
MapCode 289
EN 10 20 30 40 50 60 70 80 90
PG 10 20 30 40 50 60 70 80 90
PT 10 20 30 40 50 60 70 80 90
MapCode 290
BJ 30 70
BP 30 70
SB 30 70
MapCode 291
BP 10 20 30 40 50 60 70 80 90
EN 10 20 30 40 50 60 70 80 90
PG 10 20 30 40 50 60 70 80 90
MapCode 292
BJ 20 30 40 50
PT 20 30 40 50
SB 20 30 40 50
MapCode 293
EN 60 70 80 90
PG 60 70 80 90
MapCode 295
BJ 10 20 30 40 50 60 70 80 90
EN 10 20 30 40 50 60 70 80 90
MapCode 296
BJ 20 30 40 50
MapCode 297
EB 10
SB 10
MapCode 298
PG 30 120 130
SB 30 120 130
MapCode 299
BP 120
MapCode 300
EB 10 20 30 40 50 60 70 80 90
PT 10 20 30 40 50 60 70 80 90
MapCode 301
BP 120
PT 120
SB 120
MapCode 302
BP 20 30 40 50
PG 20 30 40 50
MapCode 304
BP 80 90 100 110 120 130 140 150 160
PG 80 90 100 110 120 
MapCode 305
BP 30 120 130
PG 30 120 130
SB 30 120 130
MapCode 306
BJ 60 70 80 90
EN 60 70 80 90
SB 60 70 80 90
MapCode 307
PG 10
PT 10
MapCode 308
EB 120
MapCode 309
BP 50 90
SB 50 90
MapCode 311
EB 80 90 100 110 120 130 140 150 160 170 180 190 200
PT 80 90 100 110 120 130 140
SB 80 90 100 110 120 130 140 150 160
MapCode 312
EN 10
PT 10
SB 10
MapCode 313
PG 20 30 40 50
PT 20 30 40 50
MapCode 314
EN 120
SB 120
MapCode 315
EN 120
PG 120
MapCode 316
EN 20 30 40 50
PG 20 30 40 50
PT 20 30 40 50
MapCode 317
EN 50 120 130
SB 50 120 130
MapCode 318
PT 50 70
SB 50 70
MapCode 319
BP 50 90
EN 50 90
PT 50 90
MapCode 320
PT 30 70
SB 30 70
MapCode 321
BP 70 90
EN 70 90
PT 70 90
MapCode 322
PG 20
MapCode 323
EN 40 50 60 70
PG 40 50 60 70
PT 40 50 60 70
MapCode 325
EN 70 90
MapCode 326
EB 80 90 100 110 120 130 140 150 160 170 180 190 200
EN 80 90 100 110 120 130 140 150 160 170 180 190 200 210
MapCode 327
BP 120
EB 120
SB 120
MapCode 328
EN 50 90
PT 50 90
SB 50 90
MapCode 329
BP 10 20 30 40 50 60 70 80 90
PG 10 20 30 40 50 60 70 80 90
SB 10 20 30 40 50 60 70 80 90
MapCode 330
EN 20
MapCode 331
EN 60 70 80 90
PG 60 70 80 90
PT 60 70 80 90
MapCode 332
EN 50 120 130
MapCode 333
SB 50 120 130
MapCode 334
EN 120
ML 120
MapCode 335
BP 40 50 60 70
PG 40 50 60 70
PT 40 50 60 70
MapCode 336
BP 10
PG 10
PT 10
MapCode 337
EB 60 70 80 90
PT 60 70 80 90
SB 60 70 80 90
MapCode 338
PG 80 90 100 110
PT 80 90 100 110
MapCode 339
PG 10 50
PT 10 50
MapCode 340
PG 60 70 80 90
PT 60 70 80 90
MapCode 341
BP 50 70
SB 50 70
MapCode 342
BJ 10 20 30 40 50 60 70 80 90
EB 10 20 30 40 50 60 70 80 90
MapCode 343
PG 30 70
MapCode 344
BP 40 50 60 70
PG 40 50 60 70
SB 40 50 60 70
MapCode 345
PG 40 50 60 70
PT 40 50 60 70
SB 40 50 60 70
MapCode 346
EN 10 20 30 40 50 60 70 80 90
MapCode 347
BP 30 80 90 100 110 120 130 140 150 160
SB 30 80 90 100 110 120 130 140 150 160
MapCode 348
PG 80 90 100 110
SB 80 90 100 110
MapCode 349
BJ 40 50 60 70
BP 40 50 60 70
EB 40 50 60 70
MapCode 350
EN 30 80 90 100 110 120 130 140 150 160 170 180 190 200 210
SB 30 80 90 100 110 120 130 140 150 160
MapCode 351
EB 80 90 100 110
PT 80 90 100 110
MapCode 352
EN 40 50 60 70
ML 40 50 60 70
MapCode 353
EN 30 70
PT 30 70
MapCode 354
ML 40 50 60 70
MapCode 355
PG 60 70 80 90
PT 60 70 80 90
SB 60 70 80 90
MapCode 356
BP 30 70
EN 30 70
PT 30 70
MapCode 357
BP 20 30 40 50
EB 20 30 40 50
PT 20 30 40 50
MapCode 358
BP 30 50
PT 30 50
MapCode 359
EB 80 90 100 110 120 130 140 150 160 170 180 190 200
PT 80 90 100 110 120 130 140
MapCode 360
EB 60 70 80 90
EN 60 70 80 90
PT 60 70 80 90
MapCode 361
PG 40 50 60 70
SB 40 50 60 70
MapCode 362
EN 30 70
PT 30 70
SB 30 70
MapCode 363
EB 80 90 100 110 120 130 140 150 160 170 180 190 200
EN 80 90 100 110 120 130 140 150 160 170 180 190 200 210
PT 80 90 100 110 120 130 140
MapCode 364
PG 50 90
PT 50 90
SB 50 90
MapCode 365
BP 30 80 90 100 110 120 130 140 150 160
EN 30 80 90 100 110 120 130 140 150 160 170 180 190 200 210
SB 30 80 90 100 110 120 130 140 150 160
MapCode 366
BP 20 30 40 50
PG 20 30 40 50
PT 20 30 40 50
MapCode 367
PT 30 120 130
SB 30 120 130
MapCode 368
BP 10 20 30 40 50 60 70 80 90
PG 10 20 30 40 50 60 70 80 90
PT 10 20 30 40 50 60 70 80 90
MapCode 369
ML 40 50 60 70
PT 40 50 60 70
MapCode 370
PG 60 70 80 90
SB 60 70 80 90
MapCode 371
PG 50 120 130
SB 50 120 130
MapCode 372
BP 60 70 80 90
PG 60 70 80 90
PT 60 70 80 90
MapCode 373
EN 30 50
MapCode 374
PT 30 50
MapCode 375
PG 30 90
SB 30 90
MapCode 376
BP 30 80 90 100 110 120 130 140 150 160
EN 30 80 90 100 110 120 130 140 150 160 170 180 190 200 210
MapCode 377
BP 70 120 130
PG 70 120 130
SB 70 120 130
MapCode 378
PG 50 120 130
PT 50 120 130
SB 50 120 130
MapCode 379
PG 120
PT 120
MapCode 380
EB 20
MapCode 381
BP 30 90
EN 30 90
PT 30 90
MapCode 382
BP 80 90 100 110 120 130 140 150 160
PG 80 90 100 110 120 130 140
PT 80 90 100 110 120 130 140
MapCode 383
BP 30 120 130
EN 30 120 130
SB 30 120 130
MapCode 384
PG 50 70
SB 50 70
MapCode 385
PG 80 90 100 110 120 130 140
SB 80 90 100 110 120 130 140 150 160
MapCode 386
EN 50 70
PT 50 70
SB 50 70
MapCode 387
PT 50 70
MapCode 388
BJ 40 50 60 70
BP 40 50 60 70
EN 40 50 60 70
MapCode 389
EN 30 50
PT 30 50
SB 30 50
MapCode 390
BP 10
EN 10
PT 10
MapCode 391
EN 50 80 90 100 110 120 130 140 150 160 170 180 190 200 210
MapCode 392
PT 10 50
MapCode 393
BP 50 120 130
EN 50 120 130
MapCode 394
EB 120
EN 120
MapCode 395
EB 30 120 130
PT 30 120 130
SB 30 120 130
MapCode 396
BJ 80 90 100 110 120 130 140 150 160 170 180 190 200 210
EN 80 90 100 110 120 130 140 150 160 170 180 190 200 210
MapCode 398
BJ 60 70 80 90
EN 60 70 80 90
MapCode 399
EN 30 120 130
PT 30 120 130
MapCode 400
BP 120
EB 120
EN 120
MapCode 401
EB 120
SB 120
MapCode 402
BJ 40 50 60 70
EN 40 50 60 70
SB 40 50 60 70
MapCode 403
EB 50 120 130
SB 50 120 130
MapCode 404
EB 30 120 130
SB 30 120 130
MapCode 405
BP 30 50
EN 30 50
SB 30 50
MapCode 406
EB 10 70
SB 10 70
MapCode 407
BP 120
EN 120
MapCode 408
EB 80 90 100 110
PT 80 90 100 110
SB 80 90 100 110
MapCode 409
BP 50 90
EN 50 90
SB 50 90
MapCode 410
BJ 10 20 30 40 50 60 70 80 90
BP 10 20 30 40 50 60 70 80 90
EN 10 20 30 40 50 60 70 80 90
MapCode 411
EN 80 90 100 110 120 130 140 150 160 170 180 190 200 210
PG 80 90 100 110 120 
MapCode 412
BP 30 50
EN 30 50
MapCode 413
BJ 40 50 60 70
EB 40 50 60 70
SB 40 50 60 70
MapCode 414
EN 30 90
PT 30 90
MapCode 415
BJ 10 70
BP 10 70
EB 10 70
MapCode 416
BJ 10 120 130
BP 10 120 130
MapCode 417
EB 30 120 130
MapCode 419
BP 10 90
EN 10 90
MapCode 420
EB 120
EN 120
PT 120
MapCode 421
EN 120
PT 120
MapCode 422
BP 80 90 100 110
PG 80 90 100 110
PT 80 90 100 110
MapCode 423
EN 50 70
PT 50 70
MapCode 424
BJ 80 90 100 110 120 130 140 150 160 170 180 190 200 210
EN 80 90 100 110 120 130 140 150 160 170 180 190 200 210
SB 80 90 100 110 120 130 140 150 160
MapCode 425
BP 50 120 130
EB 50 120 130
EN 50 120 130
MapCode 426
BJ 80 90 100 110 120 130 140 150 160 170 180 190 200 210
BP 80 90 100 110 120 130 140 150 160
EN 80 90 100 110 120 130 140 150 160 170 180 190 200 210
MapCode 427
BJ 10 20 30 40 50 60 70 80 90
EN 10 20 30 40 50 60 70 80 90
SB 10 20 30 40 50 60 70 80 90
MapCode 428
EB 30 80 90 100 110 120 130 140 150 160 170 180 190 200
SB 30 80 90 100 110 120 130 140 150 160
MapCode 429
BJ 40 50 60 70
EN 40 50 60 70
MapCode 430
BJ 60 70 80 90
BP 60 70 80 90
EN 60 70 80 90
MapCode 431
EB 50 120 130
MapCode 432
EN 10 90
SB 10 90
MapCode 433
ML 60 70 80 90
MapCode 435
SB 10 90
MapCode 436
BJ 80 90 100 110
BP 80 90 100 110
EB 80 90 100 110
MapCode 437
EB 50 70
MapCode 438
PT 40
MapCode 439
BP 40
MapCode 440
BP 40
PT 40
SB 40
MapCode 441
EN 10 20 30 40 50 60 70 80 90
ML 10 20 30 40 50 60 70 80 90
MapCode 442
BJ 10
BP 10
SB 10
MapCode 443
BP 40
SB 40
MapCode 444
BP 40
PT 40
MapCode 445
BP 40
EN 40
MapCode 446
BP 40
EN 40
PT 40
MapCode 447
BJ 30 90
SB 30 90
MapCode 448
BJ 30 90
EB 30 90
SB 30 90
MapCode 450
EN 70 120 130
PG 70 120 130
MapCode 451
EN 20 30 40 50
ML 20 30 40 50
MapCode 452
ML 20 30 40 50
MapCode 453
ML 20 30 40 50
PT 20 30 40 50
MapCode 454
ML 20 30 40 50
PG 20 30 40 50
PT 20 30 40 50
MapCode 455
ML 20 30 40 50
PG 20 30 40 50
MapCode 456
ML 40 50 60 70
PG 40 50 60 70
MapCode 457
BP 120
EB 120
MapCode 458
BP 10
EB 10
SB 10
MapCode 459
BP 120
EN 120
SB 120
MapCode 460
ML 80 90 100 110 120 130 140 150 160
MapCode 462
SB 30 80 90 100 110 120 130 140 150 160
MapCode 463
EN 80 90 100 110
ML 80 90 100 110
MapCode 464
BP 50 70
EN 50 70
MapCode 465
EN 70 120 130
MapCode 466
ML 10
MapCode 467
PT 120
MapCode 468
BP 50 120 130
EN 50 120 130
SB 50 120 130
MapCode 469
EN 120
PT 120
SB 120
MapCode 470
BP 50 80 90 100 110 120 130 140 150 160
EN 50 80 90 100 110 120 130 140 150 160 170 180 190 200 210
MapCode 471
EN 50 80 90 100 110 120 130 140 150 160 170 180 190 200 210
SB 50 80 90 100 110 120 130 140 150 160
MapCode 472
EN 50 90
SB 50 90
MapCode 473
PT 120
SB 120
MapCode 474
EN 70 120 130
SB 70 120 130
MapCode 475
EN 70 120 130
PT 70 120 130
SB 70 120 130
MapCode 476
PT 90 120 130
SB 90 120 130
MapCode 477
BP 50 120 130
PT 50 120 130
MapCode 478
EN 30 120 130
PT 30 120 130
SB 30 120 130
MapCode 479
BP 70 120 130
EN 70 120 130
SB 70 120 130
MapCode 480
EN 90 120 130
PT 90 120 130
MapCode 481
BP 50 90
EN 50 90
MapCode 482
BP 70 120 130
EN 70 120 130
MapCode 483
BP 50 90
MapCode 484
BP 70 120 130
SB 70 120 130
MapCode 485
PT 50 120 130
SB 50 120 130
MapCode 486
SB 50 80 90 100 110 120 130 140 150 160
MapCode 487
EN 20 30 40 50
ML 20 30 40 50
PT 20 30 40 50
MapCode 488
ML 120
MapCode 489
SB 50 90
MapCode 490
BP 80 90 100 110
EN 80 90 100 110
PG 80 90 100 110
MapCode 491
BP 50 70
PT 50 70
MapCode 492
BP 50 80 90 100 110 120 130 140 150 160
PT 50 80 90 100 110 120 130 140
SB 50 80 90 100 110 120 130 140 150 160
MapCode 493
BP 50 70
EN 50 70
PT 50 70
MapCode 494
BP 70 90
PT 70 90
SB 70 90
MapCode 495
EN 10 120 130
SB 10 120 130
MapCode 496
PG 10
SB 10
MapCode 497
PG 10 20 30 40 50 60 70 80 90
PT 10 20 30 40 50 60 70 80 90
MapCode 498
BP 30 80 90 100 110 120 130 140 150 160
EB 30 80 90 100 110 120 130 140 150 160 170 180 190 200
SB 30 80 90 100 110 120 130 140 150 160
MapCode 499
BP 10 20 30 40 50 60 70 80 90
EN 10 20 30 40 50 60 70 80 90
ML 10 20 30 40 50 60 70 80 90
MapCode 500
EB 50 90
SB 50 90
MapCode 501
PT 50 120 130
MapCode 502
BP 50 90
EB 50 90
SB 50 90
MapCode 503
PG 20 30 40 50
PT 20 30 40 50
SB 20 30 40 50
MapCode 504
BP 20 30 40 50
EN 20 30 40 50
ML 20 30 40 50
MapCode 505
ML 80 90 100 110 120 130 140 150 160
SB 80 90 100 110 120 130 140 150 160
MapCode 506
EB 20 30 40 50
PG 20 30 40 50
MapCode 507
BP 30 80 90 100 110 120 130 140 150 160
MapCode 508
BP 20
PT 20
MapCode 509
BP 10
EB 10
MapCode 510
BP 10
PG 10
MapCode 511
BP 30 80 90 100 110 120 130 140 150 160
EB 30 80 90 100 110 120 130 140 150 160 170 180 190 200
MapCode 512
BP 20 30 40 50
PG 20 30 40 50
MapCode 513
EN 90 120 130
MapCode 515
SB 70 120 130
MapCode 516
BP 70 120 130
EB 70 120 130
SB 70 120 130
MapCode 517
ML 20 30 40 50
SB 20 30 40 50
MapCode 518
BP 10 20 30 40 50 60 70 80 90
PG 10 20 30 40 50 60 70 80 90
MapCode 519
BP 70 120 130
EN 70 120 130
PT 70 120 130
MapCode 520
EN 20
PG 20
MapCode 521
BP 50 80 90 100 110 120 130 140 150 160
EN 50 80 90 100 110 120 130 140 150 160 170 180 190 200 210
SB 50 80 90 100 110 120 130 140 150 160
MapCode 522
SB 10 20 30 40 50 60 70 80 90
MapCode 523
ML 40 50 60 70
SB 40 50 60 70
MapCode 525
BP 40 50 60 70
ML 40 50 60 70
MapCode 526
BP 10
EN 10
PG 10
MapCode 527
ML 10 20 30 40 50 60 70 80 90
SB 10 20 30 40 50 60 70 80 90
MapCode 528
BP 50 80 90 100 110 120 130 140 150 160
SB 50 80 90 100 110 120 130 140 150 160
MapCode 529
BP 20 30 40 50
ML 20 30 40 50
MapCode 530
EN 10 20 30 40 50 60 70 80 90
ML 10 20 30 40 50 60 70 80 90
PT 10 20 30 40 50 60 70 80 90
MapCode 531
ML 80 90 100 110
MapCode 532
EB 10
EN 10
ML 10
MapCode 533
SB 10 120 130
MapCode 534
EN 30 50
PT 30 50
MapCode 535
EN 70 90
PT 70 90
SB 70 90
MapCode 536
BP 120
PT 120
MapCode 537
EN 80 90 100 110
PG 80 90 100 110
PT 80 90 100 110
MapCode 538
BP 50 120 130
PT 50 120 130
SB 50 120 130
MapCode 539
BP 120
EN 120
PT 120
MapCode 540
BP 10 20 30 40 50 60 70 80 90
ML 10 20 30 40 50 60 70 80 90
MapCode 541
EN 40 50 60 70
ML 40 50 60 70
PT 40 50 60 70
MapCode 542
PG 50 90
MapCode 543
EN 70 120 130
ML 70 120 130
MapCode 544
EN 40 50 60 70
PG 40 50 60 70
MapCode 545
BP 50 90 120 130
SB 50 90 120 130
MapCode 546
EB 50 80 90 100 110 120 130 140 150 160 170 180 190 200
SB 50 80 90 100 110 120 130 140 150 160
MapCode 547
BP 40 50 60 70
EN 40 50 60 70
ML 40 50 60 70
MapCode 548
PT 70 120 130
SB 70 120 130
MapCode 549
EN 30 120 130
ML 30 120 130
MapCode 550
ML 10 20 30 40 50 60 70 80 90
PT 10 20 30 40 50 60 70 80 90
MapCode 551
BP 30 90 120 130
SB 30 90 120 130
MapCode 552
EN 50 120 130
ML 50 120 130
MapCode 553
SB 50 70
MapCode 554
SB 30 50
MapCode 557
ML 80 90 100 110
PG 80 90 100 110
MapCode 558
EN 80 90 100 110 120 130 140 150 160 170 180 190 200 210
PG 80 90 100 110 120 130 140
PT 80 90 100 110 120 130 140
MapCode 559
ML 80 90 100 110
SB 80 90 100 110
MapCode 561
BP 80 90 100 110 120 130 140 150 160
EN 80 90 100 110 120 130 140 150 160 170 180 190 200 210
ML 80 90 100 110 120 130 140 150 160
MapCode 562
EN 10 120 130
MapCode 563
EN 90 120 130
SB 90 120 130
MapCode 564
PT 50 80 90 100 110 120 130 140
MapCode 565
ML 10 120 130
MapCode 566
PT 10 120 130
MapCode 567
EN 90 120 130
PT 90 120 130
SB 90 120 130
MapCode 568
BP 40 50 60 70
ML 40 50 60 70
SB 40 50 60 70
MapCode 570
EN 30 90
PG 30 90
MapCode 571
PG 30 120 130
MapCode 572
PG 30 90
MapCode 573
ML 60 70 80 90
PG 60 70 80 90
MapCode 574
EN 30 120 130
PG 30 120 130
MapCode 575
EN 10
ML 10
MapCode 576
SB 90 120 130
MapCode 577
BP 70 90
EN 70 90
MapCode 578
BP 70 90
EN 70 90
SB 70 90
MapCode 579
ML 50 120 130
MapCode 580
EN 10 120 130
PT 10 120 130
MapCode 581
BP 70 90
SB 70 90
MapCode 582
PT 90 120 130
MapCode 583
EN 10 120 130
PT 10 120 130
SB 10 120 130
MapCode 584
BP 10 120 130
EN 10 120 130
PT 10 120 130
MapCode 585
EN 70 120 130
PT 70 120 130
MapCode 586
BP 10 120 130
PT 10 120 130
SB 10 120 130
MapCode 587
BP 80 90 100 110 120 130 140 150 160
ML 80 90 100 110 120 130 140 150 160
MapCode 588
EN 10 120 130
ML 10 120 130
MapCode 589
PT 50 80 90 100 110 120 130 140
SB 50 80 90 100 110 120 130 140 150 160
MapCode 590
BP 40 50 60 70
ML 40 50 60 70
PT 40 50 60 70
MapCode 592
PT 30 120 130
MapCode 593
EN 90 120 130
ML 90 120 130
MapCode 594
BP 50 120 130
MapCode 595
ML 10 20 30 40 50 60 70 80 90
PG 10 20 30 40 50 60 70 80 90
MapCode 596
ML 80 90 100 110 120 130 140 150 160
PG 80 90 100 110 120 130 140
MapCode 597
EB 60 70 80 90
PG 60 70 80 90
MapCode 598
BP 80 90 100 110 120 130 140 150 160
EN 80 90 100 110 120 130 140 150 160 170 180 190 200 210
PG 80 90 100 110 120 130 140
MapCode 599
EN 30 80 90 100 110 120 130 140 150 160 170 180 190 200 210
ML 30 80 90 100 110 120 130 140 150 160
MapCode 600
EB 80 90 100 110 120 130 140 150 160 170 180 190 200
BP 80 90 100 110 120 130 140 150 160
MapCode 601
EB 120
BP 120
MapCode 602
SB 120
BP 120
MapCode 603
EN 80 90 100 110
BP 80 90 100 110
PT 80 90 100 110
MapCode 604
SB 80 90 100 110
BP 80 90 100 110
MapCode 605
EB 80 90 100 110
BP 80 90 100 110
MapCode 606
SB 80 90 100 110 120 130 140 150 160
BP 80 90 100 110 120 130 140 150 160
MapCode 607
BP 80 90 100 110 120 130 140 150 160
PG 80 90 100 110 120 130 140
MapCode 608
EB 40 50 60 70
BP 40 50 60 70
MapCode 609
PT 30 80 90 100 110 120 130 140
SB 30 80 90 100 110 120 130 140 150 160
MapCode 610
SB 40 50 60 70
BP 40 50 60 70
MapCode 611
EN 80 90 100 110 120 130 140 150 160 170 180 190 200 210
BP 80 90 100 110 120 130 140 150 160
PT 80 90 100 110 120 130 140
MapCode 612
PT 10 120 130
SB 10 120 130
MapCode 613
SB 60 70 80 90
BP 60 70 80 90
MapCode 614
SB 10 70
MapCode 615
SB 70 90
MapCode 616
PT 10 90
SB 10 90
MapCode 617
BP 50 120 130
EN 50 120 130
PT 50 120 130
MapCode 618
EN 40 50 60 70
BP 40 50 60 70
PT 40 50 60 70
MapCode 619
EN 60 70 80 90
BP 60 70 80 90
PT 60 70 80 90
MapCode 620
SB 10 20 30 40 50 60 70 80 90
BP 10 20 30 40 50 60 70 80 90
MapCode 621
EN 120
BP 120
PT 120
MapCode 622
BP 90 120 130
EN 90 120 130
MapCode 623
BP 70 120 130
PT 70 120 130